34571.0
41806.5
70334.5
74649.0
76382.0
78946.0
89802.5
101276.5
134543.0
153874.0
165011.5
167848.5
170214.5
177330.5
257910.0
258873.0
264649.5
349757.5
359246.0
363745.0
375674.0
402979.5
410599.5
411811.5
429945.5
436837.0
465838.5
468791.0
477177.5
486876.5
532043.5
546381.5
550130.5
552066.5
554530.0
556920.5
562094.5
569234.5
571926.0
584462.0
588150.0
637440.0
644924.5
663746.0
690723.5
698603.0
719758.0
722305.5
736019.0
770389.5
786576.0
792661.0
801923.0
876945.5
973583.0
994964.5
1028481.5
1077202.5
1109701.5
1145207.5
1145658.5
1181078.0
1209896.0
1214677.0
1223667.0
1242595.5
1256935.5
1268537.0
1326697.5
1328515.0
1350525.0
1390757.5
1414231.5
1420355.5
1433482.0
1435604.5
1437138.0
1441947.5
1465524.0
1466065.5
1475820.0
1514100.0
1518941.5
1543433.0
1567105.5
1579582.5
1588356.5
1611288.0
1625454.5
1628460.5
1632087.5
1634615.5
1659829.0
1668035.5
1682713.5
1707164.0
1713502.5
1718467.0
1721858.5
1730475.5
1765737.0
1783170.0
1844381.5
1893404.5
1895674.5
1903677.5
1905858.5
1908842.0
1911586.5
1915914.0
1929838.0
1949193.5
1965022.5
1992531.5
1992853.5
